_C_687d_5a21d384_c 8c 0 38 0 0 626f7365 0 766572 
_C_687d_5a21d384_1 84 0 80 0 0 0 0 0 0 0 0 0 
_C_687d_5a21d384_12 94 0 40 0 0 0 0 0 
_C_687d_5a21d384_14 94 0 40 0 0 1 0 0 
_C_687d_5a21d384_3 8c 0 58 0 0 3d202564 0 6f737420 0 746f68 
_C_687d_5a21d384_13 84 0 100 0 0 656f7574 0 74696d 0 0 0 0 0 0 0 0 0 0 0 0 
_C_687d_5a21d384_6 84 0 20 0 0 80000002 
_C_687d_5a21d384_2 84 0 60 0 0 0 0 0 0 0 
_C_687d_5a21d384_a 8c 0 68 0 0 733d2564 0 79636c65 0 61782d63 0 6d 
_C_687d_5a21d384_5 8c 0 180 0 0 636c6573 0 6e206379 0 6174696f 0 696d756c 0 30642073 0 65722025 0 20616674 0 25307329 0 2a2a2028 0 4544202a 0 50415353 0 2a2a2a20 
_C_687d_5a21d384_8 8c 0 88 0 0 723d2578 0 20616464 0 773d2564 0 423a2072 0 4d 
_C_687d_5a21d384_f 8c 0 50 0 0 653d2573 0 6466696c 0 7663 
_C_687d_5a21d384_7 8c 0 38 0 0 643a200a 0 432530 
_C_687d_5a21d384_e 8c 0 70 0 0 653d2573 0 7366696c 0 64706c75 0 7663 
_C_687d_5a21d384_d 8c 0 28 0 0 74617473 0 73 
_C_687d_5a21d384_b 8c 0 50 0 0 6d3d2573 0 61646d65 0 6c6f 
_C_687d_5a21d384_10 84 0 20 0 0 0 
_C_687d_5a21d384_11 84 0 20 0 0 1 
_C_687d_5a21d384_9 94 0 20 0 0 0 
_C_687d_5a21d384_15 94 0 20 0 0 1 
_C_687d_5a21d384_4 8c 0 180 0 0 636c6573 0 6e206379 0 6174696f 0 696d756c 0 30642073 0 65722025 0 20616674 0 25307329 0 2a2a2028 0 4544202a 0 4641494c 0 2a2a2a20 
